1	47761741	51822307	Region1
2	129125957	139525961	Region2
2	182309767	189427029	Region3
3	47483506	49987563	Region4
3	83368159	86868160	Region5
3	161899518	163699518	Region6
5	98636396	101136397	Region7
5	129636408	132636409	Region8
5	136136412	139136412	Region9
6	23691793	38924246	Region10
6	139637170	142137170	Region11
8	6455071	13598120	Region12
8	110918595	113918595	Region13
11	88127184	91127184	Region14
12	110577812	113099475	Region15
14	47061047	47961047	Region16
17	42394456	46567318	Region17
20	33948533	36438183	Region18